59202 43143.6 -4.45985 -0.0150461 0.0133562 0.747704 0.663727 0.25
59201.9 43144.2 -4.43818 -0.0150462 0.0133562 0.747707 0.663723 0.811563
59201.9 43144.7 -4.41806 -0.013036 0.0115717 0.747748 0.663754 1.22209
59201.8 43145.2 -4.39926 -0.014121 0.0125347 0.74773 0.663735 1.55111
59201.8 43145.7 -4.38087 -0.0121328 0.0107699 0.747765 0.663766 1.82013
59201.7 43146.3 -4.36156 -0.0121134 0.0107527 0.747764 0.663767 2.08636
59201.6 43146.9 -4.34402 -0.0114259 0.0101425 0.747773 0.663778 2.3218
59201.5 43147.5 -4.32538 -0.0114258 0.0101426 0.747766 0.663786 2.54866
59201.5 43148 -4.30909 -0.0114256 0.0101428 0.747756 0.663798 2.7349
59201.4 43148.6 -4.29165 -0.011426 0.0101436 0.747738 0.663818 2.92008
59201.3 43149.2 -4.2706 -0.0115683 0.0102709 0.747707 0.663848 3.12942
59201.3 43149.8 -4.25231 -0.012715 0.0112902 0.747652 0.663873 3.29735
59201.2 43150.5 -4.22976 -0.0125712 0.0111647 0.747591 0.663947 3.48424
59201.1 43151.2 -4.20488 -0.0132763 0.0117938 0.747496 0.664029 3.6717
59201 43151.9 -4.17779 -0.0134819 0.011981 0.747369 0.664164 3.86186
59200.9 43152.7 -4.14915 -0.0134788 0.0119843 0.747201 0.664353 4.05409
59200.8 43153.6 -4.11915 -0.0134773 0.0119913 0.746972 0.664611 4.24467
59200.8 43154.1 -4.09953 -0.0143754 0.0127997 0.746714 0.664867 4.36563
59200.7 43154.9 -4.06981 -0.014946 0.0133184 0.74644 0.665152 4.52866
59200.6 43155.8 -4.03185 -0.0156303 0.0139467 0.745985 0.665633 4.72065
59200.5 43156.7 -3.99094 -0.0159632 0.0142684 0.745406 0.666266 4.91201
59200.4 43157.2 -3.96947 -0.0161302 0.0144368 0.744964 0.666753 5.00837
59200.3 43157.7 -3.94775 -0.016123 0.0144431 0.74467 0.667082 5.10337
59200.3 43158.3 -3.92565 -0.0159524 0.0143091 0.744237 0.667572 5.20108
59200.2 43158.8 -3.90325 -0.015656 0.0140641 0.743752 0.668124 5.29835
59200.2 43159.3 -3.88133 -0.0153099 0.0137759 0.743211 0.668741 5.39471
59200.1 43159.9 -3.85779 -0.014706 0.0132585 0.742567 0.669479 5.49025
59200.1 43160.4 -3.83601 -0.0144322 0.0130354 0.741966 0.670156 5.58676
59200 43161 -3.81416 -0.0142512 0.0128987 0.741275 0.670926 5.68164
59200 43161.5 -3.79242 -0.0139838 0.0126855 0.74052 0.671769 5.77851
59199.9 43162.1 -3.77045 -0.0137588 0.0125127 0.739686 0.672695 5.87458
59199.8 43162.7 -3.74843 -0.0137039 0.0124972 0.738762 0.673711 5.97155
59199.8 43163.3 -3.72606 -0.0136739 0.0125077 0.737744 0.674826 6.06876
59199.7 43163.9 -3.70338 -0.0136625 0.0125388 0.736627 0.676045 6.16437
59199.7 43164.5 -3.68032 -0.0136463 0.0125692 0.735413 0.677366 6.26176
59199.6 43165.5 -3.645 -0.0136554 0.0126519 0.733418 0.679523 6.40737
59199.6 43166.5 -3.60878 -0.0136392 0.0127104 0.731451 0.681639 6.55299
59199.5 43167.1 -3.58416 -0.0136042 0.0127322 0.729992 0.683202 6.64918
59199.5 43167.8 -3.55916 -0.0135784 0.012765 0.728467 0.684827 6.74697
59199.4 43168.5 -3.5337 -0.0136252 0.0128712 0.726806 0.686587 6.84402
59199.4 43169.1 -3.50712 -0.0140457 0.0133355 0.725068 0.688405 6.9418
59199.4 43169.8 -3.4796 -0.0146167 0.0139509 0.723244 0.690297 7.03978
59199.3 43170.5 -3.45089 -0.0148168 0.0142204 0.721326 0.692291 7.13635
59199.3 43171.3 -3.42091 -0.0150295 0.0145076 0.71933 0.694355 7.23438
59199.3 43172 -3.39036 -0.0152671 0.0148252 0.717251 0.69649 7.33183
59199.3 43172.9 -3.35102 -0.0152431 0.0149254 0.714351 0.699462 7.45217
59199.3 43173.5 -3.32704 -0.0152197 0.0149615 0.712967 0.700873 7.52353
59199.3 43174.2 -3.29378 -0.015631 0.0154524 0.710987 0.702861 7.61716
59199.3 43175 -3.25955 -0.0162873 0.0161949 0.70893 0.704905 7.70753
59199.2 43175.8 -3.22357 -0.0166393 0.016646 0.706768 0.707053 7.79349
59199.2 43176.6 -3.18661 -0.0167625 0.0168773 0.704492 0.709313 7.87397
59199.3 43177.4 -3.14893 -0.016751 0.0169761 0.702172 0.711608 7.94815
59199.3 43178.1 -3.11095 -0.0166522 0.0169893 0.699788 0.713954 8.01563
59199.3 43179 -3.07274 -0.0164907 0.0169394 0.697359 0.716332 8.0759
59199.3 43179.8 -3.03451 -0.0163415 0.016902 0.694893 0.718728 8.12887
59199.4 43181 -2.97714 -0.0160506 0.0167735 0.69118 0.72231 8.19739
59199.4 43181.6 -2.94841 -0.0159376 0.0167546 0.689035 0.724359 8.22446
59199.4 43182.4 -2.91037 -0.0158925 0.0167966 0.687105 0.72619 8.25408
59199.5 43183 -2.88167 -0.0158617 0.0168462 0.685328 0.727867 8.2717
59199.5 43183.9 -2.84253 -0.0161542 0.0172696 0.682939 0.730093 8.29106
59199.6 43184.9 -2.79174 -0.0171973 0.0185361 0.679919 0.732851 8.30896
59199.6 43185.5 -2.76028 -0.0175345 0.0189913 0.678139 0.734479 8.31586
59199.7 43186.4 -2.71694 -0.0176738 0.0192687 0.675719 0.736695 8.32278
59199.8 43187.2 -2.67337 -0.0177439 0.0194734 0.673286 0.738913 8.32714
59199.9 43188 -2.62988 -0.0175194 0.0193535 0.670876 0.74111 8.32978
59200 43188.8 -2.58636 -0.0167888 0.0187099 0.667652 0.744049 8.3316
59200.1 43189.7 -2.54446 -0.0167522 0.0187421 0.666208 0.745342 8.33238
59200.2 43190.5 -2.50309 -0.0163587 0.0183959 0.664315 0.747047 8.33281
59200.3 43191.3 -2.46241 -0.0159732 0.0180633 0.662245 0.748899 8.33305
59200.4 43192.1 -2.42228 -0.0157579 0.017926 0.660037 0.750853 8.33318
59200.5 43193 -2.38261 -0.0156486 0.0179115 0.657747 0.752863 8.33325
59200.6 43193.8 -2.34353 -0.0153561 0.0176921 0.65531 0.754997 8.33329
59200.7 43194.6 -2.30548 -0.014704 0.0170562 0.652784 0.757209 8.33331
59200.9 43195.4 -2.26858 -0.0140149 0.016369 0.650221 0.759439 8.33332
59201 43196.3 -2.23271 -0.0137093 0.0161263 0.647555 0.761724 8.33333
59201.1 43197.1 -2.19748 -0.013647 0.0161692 0.644846 0.76402 8.33333
59201.3 43198.1 -2.15357 -0.0135122 0.0161511 0.641524 0.766814 8.33333
59201.4 43198.7 -2.12736 -0.0134121 0.0161169 0.639519 0.768489 8.33333
59201.6 43199.5 -2.09267 -0.013223 0.016003 0.636832 0.770723 8.33333
59201.7 43200.4 -2.05833 -0.0129921 0.0158359 0.634141 0.772946 8.33333
59201.9 43201.2 -2.02422 -0.0128475 0.0157694 0.631495 0.775113 8.33333
59202.1 43202 -1.99036 -0.0127873 0.0158061 0.628827 0.777279 8.33333
59202.2 43202.8 -1.9569 -0.012572 0.0156483 0.626189 0.779413 8.33333
59202.4 43203.6 -1.92408 -0.01214 0.0152127 0.623633 0.781475 8.33333
59202.6 43204.4 -1.8922 -0.0116561 0.0147044 0.62109 0.783515 8.33333
59202.8 43205.2 -1.86124 -0.0112979 0.0143458 0.618604 0.785491 8.33333
59203 43206 -1.83117 -0.0110233 0.014085 0.616219 0.787371 8.33333
59203.2 43206.8 -1.80132 -0.0105453 0.0135698 0.613523 0.78949 8.33333
59203.5 43207.6 -1.77269 -0.0105218 0.0135878 0.612161 0.790546 8.33333
59203.7 43208.4 -1.74564 -0.00964563 0.0125103 0.610523 0.791841 8.33333
59203.9 43209.2 -1.72117 -0.00837804 0.0109143 0.608851 0.793165 8.33333
59204.1 43210.1 -1.69856 -0.00757183 0.00990777 0.607165 0.794478 8.33333
59204.3 43210.9 -1.67844 -0.00720929 0.0094746 0.605497 0.795758 8.33333
59204.5 43211.7 -1.65825 -0.00709237 0.00936202 0.603812 0.79704 8.33333
59204.8 43212.5 -1.63793 -0.00747894 0.00991536 0.602138 0.798296 8.33333
59205 43213.3 -1.61633 -0.0080662 0.0107392 0.600509 0.799505 8.33333
59205.2 43214.1 -1.59287 -0.00877428 0.011731 0.598887 0.800699 8.33333
59205.6 43215.2 -1.5527 -0.0102322 0.0137734 0.596257 0.80261 8.33333
59206 43216.4 -1.5094 -0.0105395 0.0142436 0.594721 0.803737 8.33333
59206.3 43217.4 -1.47293 -0.0103424 0.0140265 0.593373 0.804739 8.33333
59206.5 43218 -1.45473 -0.00893834 0.0121481 0.592578 0.805372 8.33333
59206.7 43218.8 -1.4369 -0.00501039 0.00682959 0.591498 0.806262 8.33333
59207 43219.6 -1.42289 -0.00237692 0.00324957 0.590372 0.807121 8.33333
59207.2 43220.4 -1.41618 -0.00233698 0.00320444 0.589235 0.807952 8.33333
59207.5 43221.2 -1.4094 -0.00239512 0.00329406 0.588077 0.808795 8.33333
59207.7 43222 -1.3998 -0.00344766 0.00475595 0.586912 0.809629 8.33333
59208 43222.8 -1.3874 -0.00535429 0.00740831 0.585743 0.810445 8.33333
59208.3 43223.6 -1.37796 -0.00923138 0.0128251 0.584119 0.811514 8.33333
59208.5 43224.4 -1.35163 -0.0092212 0.0128324 0.583477 0.811976 8.33333
59208.8 43225.1 -1.32532 -0.00967349 0.0134913 0.582626 0.812571 8.33333
59209.1 43225.9 -1.29786 -0.00959295 0.0134093 0.581757 0.813195 8.33333
59209.3 43226.7 -1.2733 -0.00849372 0.0119011 0.580856 0.813875 8.33333
59209.6 43227.5 -1.25204 -0.0063959 0.00898384 0.579933 0.814589 8.33333
59209.9 43228.3 -1.23489 -0.0048856 0.00687959 0.578987 0.815293 8.33333
59210.2 43229.1 -1.22363 -0.00347674 0.00490836 0.578005 0.816011 8.33333
59210.4 43229.9 -1.21421 -0.00229147 0.00324346 0.577008 0.816729 8.33333
59210.7 43230.6 -1.20785 -0.00199603 0.00283259 0.576016 0.817431 8.33333
59211 43231.4 -1.20222 -0.00185657 0.00264158 0.57501 0.81814 8.33333
59211.3 43232.2 -1.19693 -0.00105826 0.00151075 0.573726 0.819045 8.33333
59211.6 43233 -1.19386 -0.00105719 0.00151149 0.57315 0.819448 8.33333
59211.9 43233.8 -1.19111 -0.000810338 0.00116074 0.572427 0.819955 8.33333
59212.2 43234.6 -1.18886 -0.000660168 0.000947445 0.571692 0.820467 8.33333
59212.5 43235.3 -1.18622 -0.0008671 0.00124675 0.570973 0.820968 8.33333
59212.7 43236.1 -1.18307 -0.0013255 0.0019094 0.570257 0.821463 8.33333
59213 43236.9 -1.17801 -0.00194526 0.00280719 0.569567 0.821938 8.33333
59213.3 43237.7 -1.17017 -0.00308355 0.00445726 0.568922 0.822374 8.33333
59213.6 43238.5 -1.15991 -0.00423785 0.0061353 0.568317 0.822776 8.33333
59213.9 43239.2 -1.14748 -0.00465575 0.00674972 0.567777 0.823141 8.33333
59214.2 43240 -1.13383 -0.00471146 0.00684029 0.567226 0.82352 8.33333
59214.5 43240.8 -1.12 -0.00470972 0.00684149 0.567015 0.823665 8.33333
59214.8 43241.6 -1.10585 -0.00486664 0.00707337 0.5668 0.82381 8.33333
59215.1 43242.3 -1.09118 -0.00509766 0.00741275 0.566611 0.823936 8.33333
59215.4 43243.1 -1.07618 -0.00522804 0.00760567 0.566442 0.82405 8.33333
59215.7 43243.9 -1.06081 -0.00522828 0.00760887 0.566297 0.824149 8.33333
59216 43244.7 -1.04597 -0.00504244 0.00734077 0.566175 0.824237 8.33333
59216.3 43245.4 -1.03204 -0.00454876 0.00662392 0.566072 0.824316 8.33333
59216.6 43246.2 -1.01961 -0.00391686 0.00570504 0.56599 0.824383 8.33333
59216.9 43247 -1.00881 -0.00334693 0.00487582 0.565922 0.824438 8.33333
59217.4 43248.2 -0.996301 -0.00241734 0.00352196 0.565886 0.824472 8.33333
59217.8 43249.3 -0.984831 -0.00260301 0.00379229 0.565905 0.824458 8.33333
59218.1 43250.1 -0.97647 -0.00318869 0.0046453 0.565923 0.824439 8.33333
59218.4 43250.9 -0.964682 -0.00424134 0.00617832 0.565946 0.824408 8.33333
59218.7 43251.7 -0.946961 -0.00683603 0.00995695 0.56596 0.824344 8.33333
59219 43252.4 -0.926841 -0.00862018 0.012554 0.565988 0.824273 8.33333
59219.3 43253.2 -0.901474 -0.00861987 0.0125513 0.566054 0.824227 8.33279
59219.6 43254 -0.876363 -0.00853168 0.0124203 0.566137 0.824173 8.33021
59219.9 43254.8 -0.854095 -0.00748735 0.0108971 0.566254 0.824125 8.32396
59220.2 43255.5 -0.834988 -0.00554364 0.00806556 0.566402 0.824071 8.3131
59220.5 43256.3 -0.815732 -0.00304826 0.00443288 0.566603 0.823973 8.29696
59220.8 43257.1 -0.806808 -0.00304891 0.00443242 0.566726 0.823889 8.27461
59221.1 43257.9 -0.797918 -0.00277825 0.00403685 0.566926 0.823754 8.24596
59221.4 43258.6 -0.789862 -0.00277554 0.00403049 0.567156 0.823596 8.21058
59221.7 43259.4 -0.781987 -0.00272226 0.00395045 0.567418 0.823416 8.16848
59222 43260.2 -0.77436 -0.00260446 0.00377657 0.567717 0.823211 8.11865
59222.3 43260.9 -0.766984 -0.00251965 0.00365049 0.568043 0.822987 8.06162
59222.5 43261.7 -0.759934 -0.00247721 0.00358567 0.568401 0.82274 7.99767
59222.8 43262.4 -0.752905 -0.00248043 0.00358676 0.568784 0.822475 7.92717
59223.1 43263.2 -0.744883 -0.00291969 0.0042175 0.569188 0.822192 7.85161
59223.4 43263.9 -0.735319 -0.00389411 0.00561878 0.569611 0.821886 7.7701
59223.6 43264.6 -0.730271 -0.00782108 0.0112678 0.570155 0.821423 7.6854
59223.9 43265.3 -0.709172 -0.00782659 0.0112667 0.570466 0.821207 7.59199
59224.2 43266 -0.687437 -0.00840845 0.012092 0.570847 0.820924 7.49376
59224.4 43266.7 -0.664601 -0.00913102 0.0131173 0.571243 0.820625 7.39399
59224.7 43267.4 -0.640998 -0.00953678 0.0136852 0.571656 0.820324 7.29344
59224.9 43268.1 -0.616955 -0.00952656 0.0136557 0.572074 0.820033 7.19268
59225.2 43268.8 -0.594672 -0.00884906 0.0126714 0.572486 0.819769 7.09164
59225.4 43269.4 -0.575457 -0.00718801 0.0102823 0.572903 0.819527 6.99059
59225.7 43270.1 -0.560852 -0.00490457 0.0070092 0.573295 0.819305 6.88951
59225.9 43270.7 -0.54934 -0.00359673 0.00513578 0.573631 0.81909 6.78828
59226.1 43271.4 -0.540848 -0.00349644 0.00498873 0.573929 0.818882 6.68708
59226.4 43272 -0.532837 -0.00414675 0.00591789 0.573839 0.818936 6.58692
59226.6 43272.6 -0.523308 -0.00414922 0.00592037 0.573908 0.818888 6.48491
59226.8 43273.2 -0.513895 -0.00425281 0.00606742 0.573955 0.818853 6.38365
59227 43273.8 -0.502571 -0.00517161 0.00737815 0.573953 0.818839 6.28239
59227.2 43274.4 -0.490959 -0.00621798 0.00887139 0.573925 0.818836 6.18124
59227.4 43275 -0.477535 -0.0064728 0.00923794 0.573797 0.81892 6.07996
59227.6 43275.5 -0.464153 -0.00642709 0.00917826 0.573564 0.819084 5.97888
59227.8 43276.1 -0.451009 -0.00624276 0.0089219 0.57327 0.819294 5.87762
59228 43276.6 -0.438422 -0.0060952 0.00872029 0.572862 0.819583 5.77642
59228.2 43277.2 -0.42646 -0.00590897 0.00846547 0.572335 0.819955 5.67513
59228.4 43277.7 -0.416539 -0.00492341 0.00706631 0.571646 0.820455 5.57395
59228.6 43278.2 -0.409278 -0.00427936 0.00616256 0.570362 0.821359 5.47605
59228.8 43278.7 -0.401054 -0.00426861 0.00616783 0.569066 0.822258 5.38311
59229 43279.2 -0.393222 -0.00392875 0.00571001 0.566821 0.823812 5.30133
59229.2 43279.7 -0.386212 -0.00366053 0.00535737 0.564143 0.825651 5.22992
59229.4 43280.2 -0.379683 -0.00336783 0.00496931 0.561012 0.827786 5.16858
59229.6 43280.7 -0.373748 -0.00310229 0.0046217 0.55732 0.830279 5.11535
59229.8 43281.2 -0.368269 -0.00284371 0.00428273 0.553151 0.833065 5.06944
59230 43281.7 -0.36202 -0.00256237 0.0039192 0.547216 0.836978 5.02192
59230.4 43282.5 -0.354228 -0.00229162 0.00359367 0.537663 0.843149 4.98109
59230.7 43283.2 -0.348403 -0.00200094 0.00321725 0.528126 0.849157 4.96109
59231 43283.9 -0.34263 -0.00203868 0.00336139 0.518572 0.855025 4.95047
59231.5 43284.8 -0.334117 -0.00234316 0.00404053 0.501657 0.865054 4.93425
59232 43285.6 -0.323624 -0.00287314 0.00522766 0.481643 0.876347 4.92439
59232.5 43286.4 -0.31068 -0.00329275 0.00635932 0.45979 0.887999 4.91831
59233.1 43287.2 -0.296633 -0.00312237 0.00637627 0.439777 0.898079 4.91455
59233.7 43288 -0.283283 -0.0027384 0.00585724 0.423514 0.905867 4.90111
59234.4 43288.7 -0.272757 -0.00174024 0.00388705 0.408616 0.912697 4.89032
59235 43289.5 -0.264999 -0.00144909 0.00336029 0.395987 0.918249 4.91368
59235.7 43290.2 -0.25796 -0.00133846 0.00320261 0.385603 0.922658 4.96566
59236.4 43290.9 -0.252039 -0.000932732 0.00228753 0.377565 0.92598 5.02339
59236.8 43291.2 -0.249957 -0.000725455 0.00179609 0.374512 0.92722 5.04894
59237.2 43291.5 -0.247901 -0.000536967 0.00131536 0.377948 0.925826 5.07019
59237.6 43291.8 -0.246462 -0.000536535 0.00131554 0.377644 0.92595 5.08812
59238 43292.2 -0.245033 -0.000366899 0.000899768 0.377585 0.925974 5.10207
59238.3 43292.5 -0.244078 -0.000347784 0.000852534 0.377721 0.925919 5.11059
59238.7 43292.9 -0.243284 -0.000280133 0.000685971 0.378065 0.925779 5.11264
59239.1 43293.3 -0.242809 -0.000121747 0.000296666 0.379657 0.925127 5.10785
59239.4 43293.6 -0.242492 -1.26195e-05 3.0545e-05 0.381841 0.924228 5.09645
59239.8 43294 -0.242477 -1.48633e-06 3.57153e-06 0.384218 0.923242 5.07745
59240.1 43294.3 -0.242574 4.4458e-05 -0.000105863 0.387199 0.921996 5.05223
59240.5 43294.7 -0.242833 0.000139224 -0.00032799 0.390731 0.920505 5.02037
59240.9 43295.1 -0.243238 0.00018008 -0.000418677 0.395118 0.91863 4.97276
59241.5 43295.8 -0.243976 0.000156569 -0.000355218 0.403328 0.915055 4.89756
59242.2 43296.5 -0.244671 0.000135015 -0.000296363 0.414578 0.910014 4.79807
59242.8 43297.2 -0.24515 7.48912e-05 -0.000158397 0.427438 0.904045 4.6814
59243.4 43297.9 -0.245427 5.349e-05 -0.000108469 0.442281 0.896876 4.54712
59243.9 43298.7 -0.245438 -5.9112e-05 0.000114594 0.458438 0.888727 4.40192
59244.4 43299.4 -0.243611 -0.000930267 0.00172221 0.475256 0.879845 4.25695
59244.9 43300.1 -0.239649 -0.00135987 0.00241185 0.491138 0.871077 4.13038
59245.3 43300.8 -0.234298 -0.00192235 0.00327099 0.506672 0.862131 4.02089
59245.7 43301.5 -0.227311 -0.00261548 0.00427475 0.521898 0.852993 3.9191
59246 43302.2 -0.218591 -0.00336274 0.00528962 0.536481 0.843889 3.81722
59246.2 43302.7 -0.211534 -0.00378036 0.00577316 0.547805 0.836578 3.73862
59246.5 43303.2 -0.203724 -0.00393963 0.00586416 0.557641 0.830052 3.66115
59246.7 43303.9 -0.191943 -0.00532401 0.00759446 0.574009 0.818797 3.56687
59247 43304.5 -0.178633 -0.00566133 0.00773708 0.590486 0.806991 3.48433
59247.2 43305.2 -0.164994 -0.00617054 0.00806693 0.607525 0.794236 3.41936
59247.3 43305.9 -0.15028 -0.00719466 0.00898182 0.625141 0.780427 3.37397
59247.4 43306.5 -0.133874 -0.00805971 0.00981315 0.634637 0.772706 3.32893
59247.5 43307.2 -0.116617 -0.00878281 0.0102034 0.652317 0.757827 3.28133
59247.6 43307.8 -0.0986441 -0.00946826 0.010451 0.671337 0.741018 3.25417
59247.7 43308.5 -0.0801233 -0.0100076 0.0104519 0.691515 0.722217 3.24236
59247.7 43309.1 -0.0612537 -0.0104197 0.0102586 0.712518 0.701502 3.23808
59247.6 43309.9 -0.0402109 -0.010529 0.00956042 0.740264 0.672166 3.23656
59247.6 43310.4 -0.0247874 -0.00992364 0.00849339 0.759668 0.65018 3.23691
59247.5 43311.1 -0.00837037 -0.00953348 0.00763332 0.780549 0.624975 3.2373
59247.3 43311.7 0.00738748 -0.00966141 0.00727395 0.798833 0.601431 3.23748
59247.1 43312.3 0.0227923 -0.00954042 0.00673177 0.817019 0.576493 3.23147
59246.9 43312.9 0.0375219 -0.00761827 0.00503049 0.834452 0.551005 3.22187
59246.7 43313.5 0.0490597 -0.00609098 0.00378289 0.849476 0.527579 3.20473
59246.4 43314.1 0.056791 -0.0042285 0.00245511 0.864792 0.502107 3.18113
59246 43314.6 0.0614279 -0.00210814 0.0011412 0.879414 0.476052 3.15038
59245.7 43315.1 0.0642533 -0.00187324 0.000943513 0.893107 0.44984 3.11599
59245.3 43315.6 0.066741 -0.00172234 0.000805154 0.9059 0.423487 3.07836
59244.8 43316 0.0697763 -0.00146844 0.000649037 0.914641 0.404263 3.03617
59244.4 43316.5 0.0711798 -0.000689415 0.000281257 0.925912 0.377739 2.98885
59244 43316.9 0.0716447 -2.65914e-05 9.94509e-06 0.936638 0.3503 2.94226
59243.5 43317.2 0.0716813 -3.29399e-05 1.12162e-05 0.946627 0.322332 2.90669
59243.1 43317.6 0.0717602 -9.76367e-05 3.00954e-05 0.955632 0.294563 2.87509
59242.6 43317.9 0.0719784 -0.000448111 0.000122916 0.964378 0.264526 2.84928
59242.1 43318.2 0.0726897 -0.000808807 0.000198061 0.971301 0.237853 2.82917
59241.6 43318.4 0.0739909 -0.00145096 0.000307955 0.978209 0.207618 2.81832
59241.1 43318.7 0.075714 -0.0015551 0.000279324 0.984248 0.176788 2.81396
59240.6 43318.9 0.0775325 -0.00163382 0.000240064 0.989375 0.145373 2.81246
59240 43319 0.0794203 -0.00168894 0.000189425 0.993768 0.111457 2.81198
59239.5 43319.1 0.0813248 -0.00168136 0.000137582 0.996667 0.081555 2.80773
59238.9 43319.2 0.0831689 -0.00157766 7.00655e-05 0.999014 0.0443673 2.79778
59238.4 43319.2 0.084667 -0.00108345 5.46334e-06 0.999987 0.00504248 2.79271
59237.8 43319.2 0.0852804 1.18192e-06 4.4468e-08 -0.999293 0.0375969 2.79023
59237.2 43319.2 0.084411 -0.00155445 -0.000124352 -0.996814 0.0797429 2.78576
59236.7 43319.1 0.0819412 -0.00269443 -0.000305481 -0.993631 0.112653 2.78205
59236.1 43318.9 0.0791261 -0.00228771 -0.000338215 -0.989245 0.14625 2.78369
59235.6 43318.8 0.0766926 -0.00199497 -0.000367523 -0.983449 0.181176 2.78407
59235.1 43318.6 0.0746726 -0.00153431 -0.000332263 -0.977345 0.211648 2.78836
59234.6 43318.3 0.0731551 -0.00107224 -0.000267497 -0.970262 0.242055 2.81
59234.1 43318 0.0726473 -0.000387742 -0.000110079 -0.961984 0.273104 2.84624
59233.6 43317.7 0.0722317 -0.00029814 -9.3273e-05 -0.954385 0.298579 2.89342
59233.1 43317.4 0.0719423 -0.000174805 -6.00975e-05 -0.945673 0.32512 2.94871
59232.7 43317 0.0717905 -6.58475e-05 -2.45715e-05 -0.936895 0.34961 3.01577
59232.2 43316.6 0.0717312 -2.57034e-05 -1.0379e-05 -0.927258 0.374424 3.09157
59231.8 43316.2 0.0717097 -6.48859e-06 -2.80706e-06 -0.917796 0.397052 3.17539
59231.4 43315.7 0.0717 0 0 -0.909511 0.41568 3.26386
59230.9 43315.2 0.0717 0 0 -0.899347 0.437235 3.36122
59230.5 43314.6 0.0717 0 0 -0.889892 0.456172 3.46395
59230.1 43314.1 0.0717 0 0 -0.880271 0.474472 3.58418
59229.7 43313.5 0.0717 0 0 -0.870485 0.492194 3.74237
59229.3 43312.8 0.0717 0 0 -0.861735 0.507358 3.92424
59229 43312.1 0.0717 0 0 -0.852558 0.522632 4.1141
59228.6 43311.3 0.0717 0 0 -0.843368 0.537336 4.30658
59228.2 43310.5 0.0717 0 0 -0.834659 0.550767 4.49551
59227.9 43309.7 0.0717 -3.81959e-10 -2.60399e-10 -0.826256 0.563295 4.68468
59227.8 43309.1 0.0717 -1.40387e-06 -9.55774e-07 -0.826614 0.562769 4.80662
59227.5 43308.3 0.0716918 -6.89173e-06 -4.78532e-06 -0.821404 0.570347 4.97124
59227.3 43307.8 0.0716232 -6.20791e-05 -4.37028e-05 -0.817698 0.575648 5.06743
59227.2 43307.3 0.0715074 -0.000142111 -0.000101583 -0.813532 0.581521 5.162
59227 43306.8 0.0710497 -0.00038841 -0.000282095 -0.809118 0.587646 5.25873
59226.8 43306.3 0.0704275 -0.000674683 -0.000498061 -0.804528 0.593914 5.35461
59226.7 43305.8 0.0691669 -0.00102039 -0.00076498 -0.800118 0.599841 5.45159
59226.5 43305.3 0.0674895 -0.00146388 -0.00111315 -0.796004 0.605288 5.54876
59226.4 43304.8 0.0650399 -0.00193255 -0.00148958 -0.792026 0.610483 5.64437
59226.2 43304.2 0.0618096 -0.00249428 -0.00194759 -0.788183 0.615432 5.74188
59226.1 43303.6 0.0578741 -0.00297481 -0.00235211 -0.784419 0.62022 5.83871
59225.9 43302.9 0.0512164 -0.00383262 -0.00307531 -0.779943 0.625831 5.95781
59225.7 43301.9 0.0350045 -0.00765063 -0.00626076 -0.773862 0.633277 6.12633
59225.6 43301.3 0.0200598 -0.0109876 -0.00908219 -0.770694 0.637047 6.224
59225.5 43300.7 0.00102599 -0.0133057 -0.0111039 -0.767657 0.640627 6.3214
59225.3 43300 -0.020409 -0.0134359 -0.0113138 -0.764812 0.644014 6.41729
59225.2 43299.4 -0.041872 -0.0122077 -0.0103699 -0.762047 0.647323 6.51388
59225.1 43298.7 -0.0618327 -0.0107605 -0.00921709 -0.759396 0.650474 6.61069
59225 43298.1 -0.07884 -0.0090506 -0.00781472 -0.75684 0.653491 6.70884
59224.9 43297.4 -0.0943734 -0.00765514 -0.00665914 -0.754445 0.656285 6.80665
59224.9 43296.6 -0.110599 -0.00602459 -0.00522116 -0.755675 0.654899 6.92737
59224.8 43296 -0.118379 -0.00541658 -0.00471224 -0.754436 0.656334 7.00049
59224.7 43295.3 -0.127001 -0.00402593 -0.00352115 -0.752709 0.658332 7.0977
59224.6 43294.6 -0.133278 -0.0024914 -0.00219139 -0.750865 0.660448 7.19604
59224.5 43293.9 -0.136479 -0.000957242 -0.000847159 -0.748853 0.662735 7.29412
59224.4 43293.2 -0.138812 -0.000418805 -0.000373125 -0.746653 0.665213 7.3909
59224.3 43292.4 -0.140968 -0.00134458 -0.00120585 -0.74447 0.667653 7.488
59224.3 43291.7 -0.145028 -0.00266183 -0.00240105 -0.742539 0.669793 7.58372
59224.2 43290.9 -0.151781 -0.00390922 -0.00354264 -0.740985 0.6715 7.67647
59224.1 43290.2 -0.159994 -0.00450783 -0.00409986 -0.739776 0.672825 7.76495
59224 43289.2 -0.172077 -0.00458997 -0.00418415 -0.739008 0.673668 7.86895
59224 43288.6 -0.179747 -0.00477014 -0.00435204 -0.738725 0.673976 7.92532
59223.9 43287.8 -0.190595 -0.00518296 -0.00473061 -0.738585 0.674124 7.99545
59223.8 43287 -0.202601 -0.00576856 -0.00526379 -0.738664 0.674029 8.05831
59223.7 43286.2 -0.215426 -0.0061785 -0.00562944 -0.739162 0.673476 8.11374
59223.7 43285.4 -0.229057 -0.00627014 -0.0056942 -0.740262 0.672265 8.16174
59223.6 43284.6 -0.243155 -0.00637475 -0.00576745 -0.741519 0.670877 8.20249
59223.5 43283.8 -0.257628 -0.00663747 -0.00597475 -0.743207 0.669002 8.23616
59223.4 43282.9 -0.272746 -0.00697827 -0.00624317 -0.745237 0.666733 8.26332
59223.3 43282.1 -0.288363 -0.00721231 -0.00640714 -0.747571 0.664112 8.28467
59223.2 43281.3 -0.304412 -0.00729921 -0.00643321 -0.750173 0.66117 8.30071
59223.1 43280.3 -0.325542 -0.00771212 -0.00672682 -0.753567 0.657291 8.31521
59223 43279.6 -0.338685 -0.00801206 -0.00694166 -0.755746 0.654779 8.32058
59222.9 43278.8 -0.356943 -0.00852076 -0.0073141 -0.758743 0.651294 8.32577
59222.8 43278 -0.376249 -0.00909758 -0.00773444 -0.761823 0.647675 8.32896
59222.6 43277.2 -0.396249 -0.00944078 -0.00794786 -0.764944 0.643979 8.33085
59222.5 43276.4 -0.416844 -0.00952714 -0.00794216 -0.768048 0.640272 8.33195
59222.3 43275.5 -0.437623 -0.00961656 -0.00793645 -0.771204 0.636466 8.33257
59222.2 43274.7 -0.458546 -0.00974948 -0.00796502 -0.774356 0.632625 8.33291
59222 43273.9 -0.479605 -0.00987802 -0.00798956 -0.777449 0.628817 8.33311
59221.8 43273.1 -0.500801 -0.00995751 -0.00797236 -0.780562 0.624948 8.33321
59221.6 43272.3 -0.522033 -0.00998476 -0.00791374 -0.783633 0.621093 8.33327
59221.4 43271.5 -0.543328 -0.00718856 -0.0056524 -0.78606 0.618083 8.3333
59221.2 43270.6 -0.558571 -0.0072116 -0.00562201 -0.788631 0.614799 8.33332
59221 43269.8 -0.573059 -0.00587756 -0.00453751 -0.791539 0.611073 8.33332
59220.8 43269 -0.585438 -0.00553685 -0.00423417 -0.794331 0.607445 8.33333
59220.6 43268.2 -0.597286 -0.00566886 -0.004295 -0.797045 0.603879 8.33333
59220.4 43267.4 -0.609492 -0.00596785 -0.00448096 -0.799651 0.600419 8.33333
59220.1 43266.6 -0.623621 -0.00697483 -0.00519246 -0.802099 0.597128 8.33333
59219.9 43265.8 -0.640177 -0.0088101 -0.00650415 -0.804462 0.593903 8.33333
59219.7 43265 -0.6595 -0.0103541 -0.00758284 -0.806715 0.590801 8.33333
59219.4 43264.2 -0.681223 -0.0110639 -0.00804174 -0.808825 0.58789 8.33333
59219 43263.3 -0.70922 -0.0109683 -0.00792467 -0.810496 0.585588 8.33333
59218.8 43262.7 -0.725417 -0.0104204 -0.00749634 -0.811701 0.583932 8.33333
59218.6 43261.9 -0.742914 -0.00789124 -0.0056447 -0.8133 0.581764 8.33333
59218.3 43261.1 -0.756566 -0.004774 -0.00339655 -0.814804 0.579707 8.33333
59218 43260.3 -0.76507 -0.00293807 -0.00207976 -0.816199 0.577759 8.33333
59217.7 43259.5 -0.770626 -0.00211031 -0.00148673 -0.817494 0.575932 8.33333
59217.5 43258.7 -0.774993 -0.00192985 -0.00135347 -0.818715 0.574195 8.33333
59217.2 43258 -0.779917 -0.00245302 -0.00171316 -0.819848 0.572573 8.33333
59216.9 43257.2 -0.786337 -0.00365693 -0.00254432 -0.820858 0.571115 8.33333
59216.6 43256.4 -0.795412 -0.00519147 -0.00359934 -0.821787 0.56976 8.33333
59216.3 43255.6 -0.807245 -0.00665963 -0.00460263 -0.822621 0.568532 8.33333
59216 43254.9 -0.820968 -0.00792385 -0.00545962 -0.823422 0.567347 8.33333
59215.7 43254.1 -0.837002 -0.00792638 -0.00545594 -0.823686 0.566965 8.33333
59215.4 43253.3 -0.85315 -0.00805884 -0.00554113 -0.82397 0.566549 8.33333
59215.1 43252.5 -0.869567 -0.00817763 -0.0056173 -0.824228 0.566171 8.33333
59214.8 43251.7 -0.886216 -0.00830128 -0.00569697 -0.824471 0.565815 8.33333
59214.5 43251 -0.903097 -0.00841348 -0.00576906 -0.824694 0.565487 8.33333
59214.2 43250.2 -0.920149 -0.00849645 -0.00582153 -0.824894 0.565194 8.33333
59213.9 43249.4 -0.937224 -0.00847792 -0.0058048 -0.825077 0.564927 8.33333
59213.6 43248.6 -0.953687 -0.00811393 -0.00555218 -0.825242 0.564694 8.33333
59213.3 43247.9 -0.966969 -0.00626034 -0.00428158 -0.825395 0.564505 8.33333
59213 43247.1 -0.978984 -0.00219845 -0.00150263 -0.825579 0.56428 8.33333
59212.7 43246.3 -0.983421 -0.00219846 -0.00150262 -0.825582 0.564275 8.33333
59212.3 43245.5 -0.987703 -0.00161092 -0.00110108 -0.825576 0.564288 8.33333
59212 43244.8 -0.991156 -0.00163411 -0.00111707 -0.825541 0.564339 8.33333
59211.7 43244 -0.995812 -0.00240789 -0.00164644 -0.825473 0.564434 8.33333
59211.4 43243.2 -1.00249 -0.00397969 -0.00272219 -0.825371 0.56457 8.33333
59211.1 43242.4 -1.00864 -0.00653866 -0.00447534 -0.825192 0.564797 8.33333
59210.8 43241.7 -1.02184 -0.00653763 -0.00447685 -0.825061 0.564988 8.33333
59210.5 43240.9 -1.03517 -0.00698885 -0.00478977 -0.824841 0.565301 8.33333
59210.2 43240.1 -1.04934 -0.00707 -0.00485019 -0.824579 0.565681 8.33333
59209.9 43239.3 -1.06396 -0.00725458 -0.00498254 -0.824274 0.566122 8.33333
59209.6 43238.6 -1.07905 -0.00762959 -0.00524689 -0.823929 0.566618 8.33333
59209.3 43237.8 -1.09468 -0.00793596 -0.00546547 -0.823544 0.567171 8.33333
59209.1 43237.2 -1.10681 -0.00805902 -0.0055567 -0.823233 0.567619 8.33333
59208.7 43236.2 -1.12721 -0.00813468 -0.00562043 -0.822685 0.568411 8.33333
59208.5 43235.4 -1.14314 -0.00780487 -0.00540224 -0.822211 0.569103 8.33333
59208.2 43234.7 -1.15859 -0.00526996 -0.00365643 -0.821591 0.570041 8.33333
59207.9 43233.9 -1.16928 -0.00526766 -0.00365971 -0.821236 0.570553 8.33333
59207.6 43233.1 -1.17812 -0.00348749 -0.00242743 -0.820748 0.571274 8.33333
59207.3 43232.3 -1.18399 -0.00197571 -0.00137793 -0.820216 0.572049 8.33333
59207 43231.5 -1.18749 -0.00112633 -0.000787214 -0.819646 0.572869 8.33333
59206.7 43230.7 -1.19005 -0.00100689 -0.000705346 -0.819031 0.573748 8.33333
59206.4 43230 -1.194 -0.00207212 -0.00145506 -0.81838 0.574672 8.33333
59206.2 43229.2 -1.20201 -0.00486732 -0.00342639 -0.817694 0.575622 8.33333
59205.9 43228.4 -1.21378 -0.00762922 -0.00538471 -0.816964 0.576613 8.33333
59205.6 43227.6 -1.23016 -0.00892774 -0.00631818 -0.816219 0.57764 8.33333
59205.4 43227 -1.24314 -0.00964703 -0.00684551 -0.815481 0.578663 8.33333
59205.1 43226.2 -1.26285 -0.00964122 -0.00685363 -0.814992 0.579352 8.33333
59204.8 43225.2 -1.28664 -0.00916048 -0.00653176 -0.814163 0.580528 8.33333
59204.5 43224.5 -1.30473 -0.0085199 -0.00609066 -0.813462 0.581524 8.33333
59204.3 43223.9 -1.31754 -0.00813584 -0.00582801 -0.812903 0.582314 8.33333
59204 43222.9 -1.33782 -0.00762106 -0.00547898 -0.811912 0.583705 8.33333
59203.7 43222.1 -1.35344 -0.00744519 -0.00536898 -0.811064 0.584885 8.33333
59203.5 43221.3 -1.36911 -0.00761119 -0.00550609 -0.810183 0.586102 8.33333
59203.2 43220.5 -1.38568 -0.00823603 -0.0059782 -0.809238 0.587393 8.33333
59202.9 43219.7 -1.40548 -0.0100479 -0.00731924 -0.808228 0.588739 8.33333
59202.7 43218.9 -1.42833 -0.0124349 -0.00909108 -0.807171 0.590117 8.33333
59202.3 43217.5 -1.47661 -0.0137037 -0.0100812 -0.805395 0.592495 8.33333
59202 43216.5 -1.51152 -0.0136725 -0.0101034 -0.804125 0.594217 8.33333
59201.8 43215.9 -1.53239 -0.0132137 -0.0097931 -0.803298 0.59535 8.33333
59201.5 43214.9 -1.56461 -0.0119144 -0.00887649 -0.801823 0.597377 8.33333
59201.2 43214.1 -1.58774 -0.010224 -0.00765099 -0.800573 0.5991 8.33333
59201.1 43213.5 -1.60329 -0.00938839 -0.00705071 -0.79956 0.600472 8.33333
59200.8 43212.5 -1.62751 -0.00885729 -0.00669346 -0.797762 0.60287 8.33333
59200.5 43211.7 -1.64629 -0.00899073 -0.00682967 -0.796252 0.60486 8.33333
59200.4 43211.1 -1.66149 -0.00961611 -0.00733475 -0.795047 0.606427 8.33333
59200.2 43210.3 -1.68165 -0.012035 -0.00923234 -0.79334 0.60859 8.33333
59200 43209.5 -1.70638 -0.0121256 -0.00935468 -0.79167 0.610757 8.33333
59199.8 43208.7 -1.73236 -0.0128397 -0.0099555 -0.790171 0.612671 8.33333
59199.6 43207.9 -1.75964 -0.0131299 -0.010235 -0.788579 0.614709 8.33333
59199.4 43207.1 -1.78787 -0.0134294 -0.0105271 -0.786902 0.616841 8.33333
59199.1 43206.1 -1.82431 -0.0139834 -0.0110435 -0.784649 0.619684 8.33333
59199 43205.5 -1.84705 -0.0144501 -0.0114653 -0.783237 0.62145 8.33333
59198.8 43204.7 -1.87849 -0.0150326 -0.0120026 -0.781319 0.623836 8.33333
59198.6 43203.9 -1.9111 -0.015575 -0.0125172 -0.779314 0.626314 8.33333
59198.4 43203 -1.9446 -0.0158741 -0.0128424 -0.777275 0.628829 8.33333
59198.3 43202.2 -1.97867 -0.0159859 -0.0130355 -0.774834 0.631829 8.33333
59198.1 43201.4 -2.01306 -0.0159529 -0.0130751 -0.773253 0.633763 8.33333
59197.9 43200.4 -2.05626 -0.0160458 -0.0132556 -0.770785 0.636756 8.33333
59197.8 43199.8 -2.08236 -0.0161183 -0.0133785 -0.769305 0.638538 8.33333
59197.6 43198.9 -2.11735 -0.0161723 -0.0135105 -0.767265 0.640983 8.33333
59197.5 43198.1 -2.15249 -0.0161643 -0.0135921 -0.765206 0.64344 8.33333
59197.3 43197.3 -2.18773 -0.01614 -0.0136595 -0.763155 0.645869 8.33333
59197.2 43196.3 -2.23194 -0.0161554 -0.0137851 -0.760536 0.648949 8.33333
59197 43195.5 -2.26742 -0.0161905 -0.0139058 -0.758431 0.651404 8.33333
59196.9 43194.6 -2.30307 -0.0162069 -0.0140099 -0.756348 0.653819 8.33333
59196.9 43193.8 -2.33884 -0.0162222 -0.0141107 -0.754328 0.656146 8.33333
59196.8 43193.2 -2.36571 -0.0162138 -0.0141559 -0.75312 0.657531 8.33333
59196.7 43192.4 -2.4016 -0.0161979 -0.0142141 -0.751459 0.659428 8.33333
59196.6 43191.5 -2.43755 -0.0161735 -0.0142697 -0.749687 0.661441 8.33333
59196.4 43190.5 -2.48252 -0.016147 -0.0143469 -0.747373 0.664053 8.33333
59196.3 43189.7 -2.51856 -0.0161344 -0.0144183 -0.745474 0.666184 8.33333
59196.2 43188.8 -2.55463 -0.0161097 -0.0144827 -0.743487 0.668399 8.33333
59196.2 43188 -2.59074 -0.0160686 -0.014535 -0.741437 0.670672 8.33255
59196.1 43187.4 -2.61781 -0.0160323 -0.0145691 -0.739898 0.67237 8.33023
59196 43186.6 -2.65383 -0.0159491 -0.0145865 -0.737755 0.674723 8.32436
59195.9 43185.5 -2.6987 -0.0158092 -0.014577 -0.735008 0.677717 8.31145
59195.9 43184.7 -2.73439 -0.0157302 -0.0146224 -0.732258 0.680689 8.29408
59195.9 43184.1 -2.76108 -0.0156818 -0.0146321 -0.730984 0.682058 8.27612
59195.8 43183.3 -2.79654 -0.0156278 -0.0146587 -0.729192 0.683974 8.24682
59195.8 43182.2 -2.84066 -0.0155783 -0.0147169 -0.726753 0.686564 8.20106
59195.7 43181.6 -2.86709 -0.0155981 -0.0148011 -0.725229 0.688172 8.16653
59195.7 43180.8 -2.90228 -0.0156663 -0.0149586 -0.723084 0.69042 8.11471
59195.6 43180 -2.93743 -0.0157129 -0.0151006 -0.720846 0.692752 8.05551
59195.6 43179.2 -2.97244 -0.0157055 -0.0151937 -0.718549 0.695133 7.98923
59195.6 43178.4 -3.00725 -0.0156614 -0.0152529 -0.716217 0.697536 7.91632
59195.6 43177.6 -3.0416 -0.0155463 -0.0152436 -0.713855 0.699955 7.83837
59195.5 43176.8 -3.07547 -0.0153676 -0.0151706 -0.711487 0.702368 7.7545
59195.5 43175.9 -3.11726 -0.0151144 -0.0150526 -0.708394 0.705495 7.64427
59195.5 43175.3 -3.14149 -0.0149093 -0.0149208 -0.706678 0.707221 7.5748
59195.5 43174.5 -3.17328 -0.0147145 -0.0148192 -0.704441 0.709455 7.47958
59195.6 43173.6 -3.21207 -0.0146344 -0.0148557 -0.701629 0.712237 7.35835
59195.6 43173.1 -3.23496 -0.0145746 -0.0148634 -0.699984 0.713855 7.28435
59195.6 43172.3 -3.26497 -0.0144218 -0.0147985 -0.697783 0.716011 7.1851
59195.6 43171.6 -3.29433 -0.0142088 -0.0146666 -0.695665 0.718077 7.08573
59195.6 43170.7 -3.33006 -0.0139567 -0.0145131 -0.693015 0.720641 6.96127
59195.6 43170.1 -3.35783 -0.0137912 -0.0144224 -0.690977 0.722601 6.86104
59195.7 43169.4 -3.38487 -0.0135956 -0.0142957 -0.689005 0.724488 6.76113
59195.7 43168.9 -3.40465 -0.0134885 -0.0142045 -0.688462 0.725008 6.68688
59195.8 43168.2 -3.43089 -0.0134559 -0.0142356 -0.686794 0.726588 6.58592
59195.8 43167.6 -3.45663 -0.0134704 -0.014326 -0.684886 0.728385 6.48532
59195.8 43166.7 -3.48838 -0.0135394 -0.0144873 -0.682665 0.730462 6.35997
59195.9 43166.1 -3.51322 -0.0136785 -0.0147098 -0.680833 0.732164 6.26074
59195.9 43165.5 -3.53841 -0.0136515 -0.0147351 -0.679483 0.733416 6.15975
59196 43164.9 -3.5628 -0.0137443 -0.0149014 -0.677851 0.734919 6.06038
59196 43164.3 -3.58741 -0.0137201 -0.0149237 -0.67666 0.736016 5.95941
59196.1 43163.7 -3.61142 -0.0137381 -0.0149951 -0.675388 0.737182 5.85884
59196.2 43162.7 -3.65259 -0.0137183 -0.0150549 -0.673392 0.739005 5.68299
59196.3 43162 -3.68131 -0.0136976 -0.0150845 -0.672114 0.740167 5.55744
59196.4 43161 -3.72038 -0.0136818 -0.0150998 -0.671315 0.740892 5.38166
59196.4 43160.5 -3.74214 -0.0136752 -0.0151089 -0.670915 0.741254 5.28198
59196.5 43160 -3.76349 -0.0136694 -0.0151178 -0.670542 0.741592 5.18159
59196.5 43159.5 -3.78445 -0.0136642 -0.0151261 -0.670198 0.741903 5.08123
59196.6 43159 -3.805 -0.0136601 -0.015134 -0.669894 0.742177 4.98095
59196.7 43158 -3.8449 -0.0136643 -0.0151613 -0.669343 0.742673 4.77903
59196.8 43157.1 -3.8832 -0.0136731 -0.0151895 -0.668895 0.743076 4.57689
59196.9 43156.5 -3.90634 -0.01372 -0.0152549 -0.668571 0.743366 4.4508
59196.9 43155.8 -3.93781 -0.0138027 -0.0153501 -0.668491 0.743434 4.27446
59197 43154.9 -3.97242 -0.0138549 -0.0154113 -0.668413 0.743501 4.07275
59197.1 43154.1 -4.00523 -0.013668 -0.0152066 -0.668338 0.743577 3.86993
59197.2 43153.4 -4.03601 -0.0135528 -0.0150821 -0.668252 0.743659 3.66954
59197.3 43152.7 -4.06499 -0.0134983 -0.0150258 -0.668147 0.743755 3.46717
59197.3 43152 -4.09122 -0.013569 -0.0151062 -0.668103 0.743792 3.26752
59197.4 43151.4 -4.11701 -0.0135632 -0.0151097 -0.667859 0.744011 3.06474
59197.5 43150.8 -4.14117 -0.0135576 -0.0151142 -0.667597 0.744246 2.86551
59197.5 43150.2 -4.16371 -0.0135518 -0.0151192 -0.667316 0.744498 2.66255
59197.6 43149.7 -4.18462 -0.0135455 -0.0151252 -0.666996 0.744785 2.46211
59197.7 43149.2 -4.20642 -0.0134383 -0.015005 -0.667013 0.744774 2.23262
59197.7 43148.6 -4.23171 -0.0133919 -0.0149589 -0.666872 0.744902 1.92813
59197.8 43148 -4.25307 -0.0133403 -0.0149104 -0.666646 0.745106 1.63018
59197.8 43147.5 -4.27634 -0.0133021 -0.0148946 -0.665977 0.745705 1.20511
59197.9 43146.9 -4.29876 -0.0132951 -0.0148948 -0.665775 0.745886 0.576154
59197.9 43146.6 -4.30869 -0.0131632 -0.014791 -0.664674 0.746871 0
